	Start	End	Length	fwdLLR	kmerLLR	seqName
0	2785	2949	164	264.80510948936876	219.79202419371563	>human_xist
1	1976	2086	110	225.1836407784196	197.24952635010703	>human_xist
2	6913	6981	68	84.91404655825016	62.54031462464445	>human_xist
3	7798	7823	25	49.85737465068726	43.31833741255902	>human_xist
4	7218	7267	49	49.03164747562366	29.34393350282346	>human_xist
5	9923	9953	30	42.6567655196784	30.3646992057958	>human_xist
6	6625	6652	27	38.06896650915981	30.276824035363703	>human_xist
7	7507	7534	27	38.06896650915981	30.276824035363703	>human_xist
8	9657	9673	16	28.23847138363022	27.593410393405335	>human_xist
