	Start	End	Length	fwdLLR	kmerLLR	seqName
0	11946	12611	665	567.0073044403962	277.92945967098694	>human_xist
1	287	371	84	75.44965910712108	32.21316943450296	>human_xist
2	13301	13397	96	73.72821238356158	28.68043752764106	>human_xist
3	1845	1960	115	64.89027975710263	25.933065138708457	>human_xist
4	9913	9968	55	47.81464863728624	27.561452927863115	>human_xist
5	4653	4702	49	42.2772333458411	21.86720768247713	>human_xist
6	631	659	28	40.589811585911306	22.39464316689464	>human_xist
7	1415	1454	39	37.965446098682065	22.264228130192265	>human_xist
8	14031	14063	32	37.72008773002108	20.905551411627144	>human_xist
