	Start	End	Length	fwdLLR	kmerLLR	seqName
0	12086	12650	564	785.3880813866213	409.66640530294853	>human_xist
1	11945	12080	135	269.8518032143436	173.73418135602242	>human_xist
2	313	373	60	86.57827011577723	35.81683628075962	>human_xist
3	4983	5076	93	76.98935624473063	22.740808628547484	>human_xist
4	13297	13361	64	76.88830340463699	36.22673857812356	>human_xist
5	4650	4704	54	72.2920974190543	39.2413482966906	>human_xist
6	9913	9967	54	69.41094611505298	34.97042067281626	>human_xist
7	1413	1456	43	67.552811747987	44.312114356598784	>human_xist
8	7154	7207	53	65.3772180688054	25.959251535754788	>human_xist
9	7444	7496	52	61.072809363278225	24.55500218033933	>human_xist
10	4221	4299	78	60.86770512205669	27.492578243910884	>human_xist
11	632	661	29	60.71005731681143	22.543076580117685	>human_xist
12	14029	14063	34	60.39265751791504	29.84518562822339	>human_xist
13	1843	1901	58	60.188229461501976	26.60100280217307	>human_xist
14	8316	8350	34	59.06737205058869	39.91938248710443	>human_xist
15	8576	8629	53	55.564928770278925	24.23560968020547	>human_xist
16	17860	17896	36	54.104169889965675	27.671423583885883	>human_xist
17	17523	17552	29	53.829870403858166	31.805585450186925	>human_xist
18	4474	4531	57	53.76387537310404	24.604382636650087	>human_xist
19	6850	6904	54	52.90283913270497	24.155915124168928	>human_xist
20	13484	13521	37	52.49436776295286	27.30628024152159	>human_xist
21	10489	10524	35	50.45399093374684	30.861737057534214	>human_xist
22	17396	17431	35	50.40939029190861	19.858753045341302	>human_xist
23	8827	8846	19	46.69481534905648	29.547812582226413	>human_xist
24	480	503	23	45.112353564432766	17.285742268400185	>human_xist
25	10445	10467	22	44.601965732560586	28.62035791845912	>human_xist
26	18397	18431	34	44.40869763371421	22.559820040932152	>human_xist
27	189	218	29	44.386529722079956	30.854458531650323	>human_xist
28	9817	9850	33	43.301912317886234	26.302748633447095	>human_xist
29	5187	5217	30	41.96360477174713	21.50924464732998	>human_xist
30	19123	19148	25	41.81726741115551	23.673844662802992	>human_xist
31	14409	14439	30	41.18080410140777	22.057743061383434	>human_xist
32	18723	18752	29	40.056931088738764	16.787068542315865	>human_xist
33	3299	3321	22	39.93279938286169	25.95908729985041	>human_xist
34	6278	6302	24	39.90662817704086	24.21851048757358	>human_xist
35	81	120	39	39.78288703980559	16.28562779292372	>human_xist
36	680	702	22	38.39435488951183	15.287636741229505	>human_xist
37	4909	4957	48	38.33066690743209	13.47370442437375	>human_xist
38	10235	10262	27	38.25928996695026	16.66607828338772	>human_xist
39	10383	10402	19	37.09651946467676	21.071640321806527	>human_xist
40	13607	13630	23	36.9469292962595	20.070239716632173	>human_xist
41	14258	14282	24	36.387870859008956	16.130509608679887	>human_xist
42	3250	3274	24	36.35879547642236	21.63221064147922	>human_xist
43	435	459	24	33.920628219480676	13.390769969957574	>human_xist
44	8037	8064	27	33.51339495619925	17.902619907582505	>human_xist
45	7825	7843	18	32.876506849743606	22.18834915910321	>human_xist
46	7534	7552	18	32.876506849743606	22.18834915910321	>human_xist
47	8119	8134	15	32.21854311315177	20.075972316490365	>human_xist
48	17576	17616	40	32.04876974791176	21.9425045630432	>human_xist
49	2296	2324	28	31.679407545282714	15.147286064530107	>human_xist
50	596	610	14	31.596500175087563	13.683292301281753	>human_xist
51	9062	9097	35	31.56337201080666	16.26645083338215	>human_xist
52	400	416	16	31.545374592349788	15.34872684112382	>human_xist
53	15755	15773	18	31.096611286736234	20.92578853391376	>human_xist
54	2649	2672	23	31.026983321329794	20.1774303660803	>human_xist
55	2403	2424	21	30.92751263653618	14.501279506321566	>human_xist
56	10056	10083	27	30.899207776314796	25.60882516207269	>human_xist
57	6944	6961	17	30.802807022339223	21.83644708312164	>human_xist
58	3510	3529	19	30.790826216055876	16.946924816039626	>human_xist
59	6652	6669	17	29.859709955112052	20.663244952204593	>human_xist
60	7245	7262	17	29.859709955112052	20.663244952204593	>human_xist
61	16268	16296	28	29.780679776340236	15.680026201003614	>human_xist
62	14658	14677	19	29.50312968491238	17.205690095660117	>human_xist
63	3839	3868	29	29.074137833541613	15.844115176095357	>human_xist
64	4826	4846	20	28.793569120788916	13.826995117072514	>human_xist
65	10838	10858	20	28.236611945845823	13.847692715899115	>human_xist
66	5421	5437	16	28.11579127367014	19.47158391212926	>human_xist
67	5871	5891	20	28.044741191637655	16.173726860069706	>human_xist
68	5497	5519	22	28.006647105333343	17.195230680180003	>human_xist
69	8519	8546	27	27.98821714294371	15.974437812551542	>human_xist
70	6018	6038	20	27.77975263436278	17.176926113210897	>human_xist
71	2721	2748	27	27.558622379437622	15.605416406007919	>human_xist
72	8979	9004	25	27.199203440688592	15.246213471872665	>human_xist
73	18016	18033	17	26.690506114770244	14.057866223222021	>human_xist
74	17133	17153	20	26.665972030288557	14.208312498396253	>human_xist
75	11394	11425	31	26.622415321888383	16.914764333152647	>human_xist
76	11782	11802	20	26.203567321358435	17.751458955630113	>human_xist
77	3985	3999	14	26.125557000344955	18.306009325305112	>human_xist
78	13796	13809	13	25.72769178065024	18.318236544512608	>human_xist
79	8871	8884	13	25.212441457732133	17.318787873537026	>human_xist
80	9159	9177	18	24.89817898594474	14.348973930047308	>human_xist
81	3945	3965	20	24.620245299551016	15.133733696119947	>human_xist
82	2551	2564	13	24.347122868692118	14.730980746744855	>human_xist
83	40	57	17	24.23584789530011	17.11495259285155	>human_xist
84	10779	10792	13	23.884006783824063	17.793653521430024	>human_xist
85	5953	5968	15	23.807131172688457	16.049025026286017	>human_xist
86	9239	9250	11	23.717506408637995	13.673177285102	>human_xist
87	6360	6378	18	23.576466740639034	15.28715124190569	>human_xist
88	17019	17031	12	23.487659865775363	15.661663182918275	>human_xist
89	8378	8391	13	23.33396258271455	14.444062587818955	>human_xist
90	3102	3119	17	23.10547974532855	14.354038879022596	>human_xist
91	2764	2789	25	22.91802168753523	14.517255016412292	>human_xist
92	9503	9517	14	22.854194096005273	16.582343838101153	>human_xist
93	11498	11512	14	22.66891227165482	15.273533204003755	>human_xist
94	6577	6616	39	22.515218818348558	16.470384844862394	>human_xist
95	9990	10001	11	22.3506455424368	15.9773057594521	>human_xist
96	4399	4416	17	22.243432934450098	14.025602520633825	>human_xist
97	3615	3631	16	21.962206009511462	14.64447524694043	>human_xist
98	10105	10119	14	21.818153524287638	14.277820845294087	>human_xist
99	15701	15718	17	21.067617087266	15.506312742329754	>human_xist
100	4174	4192	18	20.654203750520153	13.310247843285666	>human_xist
101	18886	18899	13	20.374973378967262	13.808323147374523	>human_xist
102	9709	9731	22	20.101917521900248	13.8791996291896	>human_xist
103	15229	15242	13	19.800053701362017	14.24563167260672	>human_xist
104	14518	14534	16	19.713937929435957	13.731930723410457	>human_xist
105	16740	16751	11	19.6803468564038	13.271578433714865	>human_xist
106	19028	19050	22	19.568656918993355	20.559204681731615	>human_xist
107	9422	9446	24	19.329488524357032	16.863727033965546	>human_xist
108	18514	18524	10	18.956618900599118	14.727795908639578	>human_xist
109	15308	15321	13	17.88219117059498	14.457481535402124	>human_xist
110	5789	5800	11	17.784906007039865	15.155849589917715	>human_xist
111	4863	4882	19	17.378253434657736	13.306919116617749	>human_xist
112	0	13	13	12.966679864623899	7.563579001862735	>human_xist
