	Start	End	Length	fwdLLR	kmerLLR	seqName
0	131	843	712	453.80425535863196	166.49366217194756	>human_xist
1	12116	12610	494	315.1153073799776	95.65154404353143	>human_xist
2	11951	12078	127	91.90805377273045	31.42725480248845	>human_xist
3	13295	13409	114	65.20314290665925	15.5402329627031	>human_xist
4	1977	2084	107	48.09796338367187	25.191020713340038	>human_xist
5	18166	18224	58	43.023117659206946	16.11423522922516	>human_xist
6	9921	9970	49	36.470346964043756	18.450917943308752	>human_xist
7	14024	14060	36	35.70896462908141	16.357126569263414	>human_xist
8	19266	19275	9	5.45606117825308	-0.3549339723365037	>human_xist
