	Start	End	Length	fwdLLR	kmerLLR	seqName
0	11945	12650	705	1325.131986716944	656.6646661967325	>human_xist
1	4981	5096	115	117.97079353930553	37.82407658552165	>human_xist
2	305	365	60	76.53180732734586	14.308856990153117	>human_xist
3	9911	9967	56	69.10356022415624	18.27904001858451	>human_xist
4	1413	1446	33	68.25676820934734	50.51571587070691	>human_xist
5	14029	14063	34	64.22874328727039	19.988273768879765	>human_xist
6	404	523	119	62.23401393797917	30.566344099642947	>human_xist
7	8573	8629	56	58.95070031760895	18.833588499072334	>human_xist
8	8316	8351	35	58.771028853313	37.099994959651724	>human_xist
9	17859	17896	37	57.751283845067974	23.261348089716364	>human_xist
10	17523	17552	29	56.37393617310707	26.786934842782046	>human_xist
11	4649	4699	50	55.9454157637569	17.234141418721038	>human_xist
12	9800	9846	46	54.79308105889277	33.32349093125276	>human_xist
13	8827	8851	24	53.172547423959855	28.85856285053083	>human_xist
14	9989	10036	47	50.37790956490784	16.254727871675186	>human_xist
15	4806	4847	41	50.36335321050518	15.901631542601251	>human_xist
16	10443	10468	25	46.86221419293915	22.04178958011866	>human_xist
17	19122	19148	26	45.8145946124892	22.674084922391927	>human_xist
18	7153	7181	28	45.37625451216337	17.056691438810276	>human_xist
19	13607	13630	23	43.22363035778682	20.996993128813074	>human_xist
20	5184	5217	33	41.984287245192604	13.329631830157211	>human_xist
21	6848	6890	42	41.381072598637104	14.652266423358697	>human_xist
22	10055	10091	36	40.42590919613434	36.17316229759638	>human_xist
23	188	229	41	40.39510149420806	30.097276258957038	>human_xist
24	13496	13522	26	39.13020641698225	19.291460311855246	>human_xist
25	6266	6316	50	38.913489206263534	28.98197938196381	>human_xist
26	18395	18429	34	38.87505282420403	17.317474038946784	>human_xist
27	704	767	63	37.36780657532722	18.7664305975552	>human_xist
28	14406	14428	22	35.069269839742645	14.107909983219457	>human_xist
29	14258	14280	22	34.670836829123516	13.88258030699248	>human_xist
30	10488	10512	24	34.21761251120782	19.851899248481857	>human_xist
31	13796	13815	19	33.881871953685106	19.190480895168378	>human_xist
32	15701	15732	31	32.84517062549281	20.344175645085727	>human_xist
33	2649	2665	16	32.69528323357859	23.496513832699378	>human_xist
34	8107	8135	28	32.463768341886635	26.346568544015895	>human_xist
35	10779	10797	18	32.1539541246532	20.19576646985945	>human_xist
36	17578	17615	37	31.43797264448807	23.079802389331405	>human_xist
37	3299	3315	16	31.377824420041378	18.146578014850775	>human_xist
38	7534	7552	18	30.37244703225997	16.25819393107122	>human_xist
39	7825	7843	18	30.37244703225997	16.25819393107122	>human_xist
40	13546	13572	26	30.115397675522075	17.081855120273133	>human_xist
41	11394	11426	32	29.266864306162574	17.630224101224826	>human_xist
42	8868	8884	16	28.950349114409363	16.817391277205857	>human_xist
43	4516	4531	15	28.617468689000603	17.871589272923558	>human_xist
44	6944	6960	16	28.409964745679375	16.878065067100636	>human_xist
45	4247	4298	51	28.368577213153458	14.025462204965038	>human_xist
46	2762	2788	26	27.091311094957433	20.6854672241426	>human_xist
47	3986	4001	15	26.41463457919457	14.955935431950692	>human_xist
48	7245	7261	16	26.41101000001059	14.742791275037547	>human_xist
49	5945	5968	23	26.26751883424251	14.540133119990372	>human_xist
50	1194	1247	53	25.474482510791972	20.352914726347876	>human_xist
51	4400	4416	16	25.24545057090026	16.07903786870432	>human_xist
52	13296	13314	18	25.241023693383738	13.686929418622924	>human_xist
53	5413	5455	42	25.165174124706027	21.448441270220314	>human_xist
54	18292	18306	14	24.071913715641557	14.313318176709146	>human_xist
55	16516	16558	42	23.938915929722384	18.479840057644424	>human_xist
56	5870	5883	13	23.562523028059218	14.806772450295242	>human_xist
57	15762	15776	14	23.18952766992767	16.65817109821792	>human_xist
58	6652	6674	22	22.948649217988702	17.352297795101777	>human_xist
59	8376	8390	14	22.826656334112712	13.287809172982506	>human_xist
60	9752	9778	26	22.35137256547148	18.2057254921084	>human_xist
61	6018	6051	33	22.10568364302776	15.815082851067416	>human_xist
62	130	152	22	21.986884248511075	19.48332199751053	>human_xist
63	4220	4237	17	21.858812654688734	13.314438453736301	>human_xist
64	9503	9517	14	21.635303708562773	14.222712420436594	>human_xist
65	38	60	22	21.328170830459413	13.587590322801645	>human_xist
66	1473	1512	39	21.213273613683782	16.388179867183624	>human_xist
67	9707	9731	24	21.13481972413399	14.383594036220785	>human_xist
68	3839	3856	17	20.883880150573304	15.205799970674036	>human_xist
69	5492	5509	17	19.53150916819635	22.148264828947276	>human_xist
70	9424	9451	27	18.996628825694643	30.596536602109154	>human_xist
71	6577	6616	39	17.712301716675825	17.545817836685956	>human_xist
72	10727	10740	13	17.59224837173106	13.61976023615108	>human_xist
73	1075	1113	38	17.370375941156	22.38914423411626	>human_xist
74	1776	1795	19	14.836145203509403	17.858229406958543	>human_xist
75	17094	17115	21	14.178028733350516	19.850320782467122	>human_xist
76	845	872	27	13.355635798528112	17.564498497478723	>human_xist
77	5788	5804	16	12.81117321636762	15.616706279443093	>human_xist
78	15222	15243	21	12.759390124603897	15.969664697376516	>human_xist
79	14516	14546	30	12.473589438004353	14.261710740394903	>human_xist
80	11616	11637	21	11.197467116452742	16.287110673049938	>human_xist
81	19027	19049	22	11.187269580920173	14.563652974529589	>human_xist
82	15639	15669	30	4.190644113347275	19.257861939504835	>human_xist
83	3418	3445	27	3.557019150699773	13.803120980795995	>human_xist
84	3129	3151	22	1.5442231409808187	20.944651329846266	>human_xist
85	612	640	28	1.1230169558568832	13.682276143867057	>human_xist
86	17142	17164	22	-0.566606243871945	17.803097310164333	>human_xist
87	6182	6202	20	-0.7541773722296341	19.132427742508582	>human_xist
88	6690	6706	16	-5.6551573832950055	16.27331088222502	>human_xist
89	942	980	38	-8.678725226051597	21.714361883597746	>human_xist
