	Start	End	Length	fwdLLR	kmerLLR	seqName
0	11946	12611	665	575.6615076775529	277.92945967098694	>human_xist
1	9817	9968	151	87.46607016947553	28.320867416624537	>human_xist
2	287	371	84	76.51904087670243	32.21316943450296	>human_xist
3	13301	13397	96	74.95490376340678	28.68043752764106	>human_xist
4	1845	1960	115	66.36432016870123	25.933065138708457	>human_xist
5	4653	4702	49	42.89027056862781	21.86720768247713	>human_xist
6	631	659	28	40.92775732252993	22.39464316689464	>human_xist
7	1415	1454	39	38.44791181459432	22.264228130192265	>human_xist
8	14031	14063	32	38.111063075958825	20.905551411627144	>human_xist
