	Start	End	Length	fwdLLR	kmerLLR	seqName
0	11945	12650	705	1256.413598159499	682.7093509561082	>human_xist
1	313	372	59	95.8648263409807	35.95236339354989	>human_xist
2	13297	13379	82	95.70558188508267	32.69179691802981	>human_xist
3	4981	5076	95	86.32792188549422	26.929561541283874	>human_xist
4	7153	7207	54	76.90176718515153	27.819059256176217	>human_xist
5	9912	9967	55	73.99645414416159	31.985874809786537	>human_xist
6	4650	4703	53	70.38998143936413	32.730747452823834	>human_xist
7	1414	1447	33	69.53139383469943	51.76324168284398	>human_xist
8	631	660	29	67.11280249774256	16.926195021518907	>human_xist
9	14029	14063	34	66.85450664150477	28.873716780521846	>human_xist
10	8317	8351	34	62.67761829927642	43.107656590347204	>human_xist
11	8573	8629	56	60.09707103718904	24.318548425029178	>human_xist
12	17860	17895	35	59.65902400002682	29.885778275812072	>human_xist
13	17523	17552	29	57.94322669944529	31.70747886247304	>human_xist
14	6848	6904	56	57.30097009330933	22.860977772542356	>human_xist
15	18397	18432	35	50.37882039502364	25.049041208307585	>human_xist
16	188	220	32	49.43409765936397	33.26756029277624	>human_xist
17	9817	9846	29	49.38293713806635	31.231537470185373	>human_xist
18	10443	10467	24	49.063678503122986	28.171511860066516	>human_xist
19	8828	8847	19	49.02366129979836	30.650667942657236	>human_xist
20	6275	6305	30	48.32513612304518	26.00847410936163	>human_xist
21	13495	13522	27	47.80772685293445	29.467806504578903	>human_xist
22	5184	5217	33	46.75683678234901	21.991376228376225	>human_xist
23	10489	10520	31	46.29502353708193	27.5094242255297	>human_xist
24	19123	19148	25	46.10423803743032	25.95599307569185	>human_xist
25	98	152	54	44.88062529026013	16.93599035332238	>human_xist
26	13608	13632	24	42.875957749989254	22.973044096554588	>human_xist
27	7456	7484	28	42.321042181121385	21.16887703537438	>human_xist
28	8037	8065	28	41.03019883099148	21.24412450607406	>human_xist
29	3298	3322	24	40.30125515523514	24.014084976560213	>human_xist
30	4824	4849	25	38.17257925566324	16.88538348192108	>human_xist
31	3249	3273	24	37.319440076043435	19.323101083220365	>human_xist
32	4916	4957	41	36.886658734651576	13.798899376114377	>human_xist
33	14406	14427	21	36.858010380737966	20.74576666862029	>human_xist
34	10235	10259	24	36.566507511075315	15.16732628610248	>human_xist
35	17576	17616	40	36.116425202081984	25.61753265667022	>human_xist
36	10383	10402	19	35.723356447553016	16.647062902134124	>human_xist
37	14258	14280	22	35.610157069930466	17.79413508554933	>human_xist
38	435	461	26	34.94516813748649	13.520491345296108	>human_xist
39	9061	9097	36	34.79928015038513	16.877844611951048	>human_xist
40	18724	18750	26	33.49412936777685	14.840785896399353	>human_xist
41	13795	13816	21	32.80474163898671	19.822884173707735	>human_xist
42	10056	10083	27	32.57253735765897	29.704167084204414	>human_xist
43	401	415	14	32.52419981438156	14.119363042189505	>human_xist
44	2403	2423	20	32.324410273380124	13.29005082275549	>human_xist
45	2296	2325	29	32.27029217613628	14.800143980117497	>human_xist
46	15755	15775	20	32.18921889094071	18.585152235168465	>human_xist
47	4246	4298	52	32.15357150727016	15.703162230735131	>human_xist
48	4516	4532	16	32.067854050065264	21.660551136119565	>human_xist
49	6944	6961	17	32.04209664463856	21.5206036487655	>human_xist
50	7534	7552	18	31.881931133115685	19.66436151849939	>human_xist
51	7825	7843	18	31.881931133115685	19.66436151849939	>human_xist
52	5945	5969	24	30.733549477832952	17.987245175475607	>human_xist
53	7245	7262	17	30.673512247418742	19.931330465744267	>human_xist
54	6652	6669	17	30.673512247418742	19.931330465744267	>human_xist
55	13549	13572	23	30.606981512367696	18.775789128865625	>human_xist
56	2649	2665	16	30.548859029698605	22.45063392552754	>human_xist
57	5421	5437	16	29.406711933457714	19.45252340231451	>human_xist
58	8868	8884	16	28.896062821258354	18.38139623910699	>human_xist
59	10010	10036	26	28.85494458835811	14.129386049848137	>human_xist
60	2551	2565	14	28.151658962528202	15.84513538065164	>human_xist
61	10778	10792	14	28.1223175195031	20.546991177111707	>human_xist
62	8107	8134	27	27.877308436332868	21.2716311761302	>human_xist
63	3839	3866	27	27.392465941371825	14.755932224589372	>human_xist
64	3985	4000	15	26.970144550191506	17.587391102810244	>human_xist
65	2527	2540	13	26.74899324413954	13.41028021568276	>human_xist
66	8377	8391	14	26.72599808624156	16.901260737258852	>human_xist
67	4399	4416	17	26.706716646701125	17.234555612827137	>human_xist
68	4221	4236	15	26.265140336305265	18.528183000270147	>human_xist
69	15701	15718	17	25.994145611671712	20.339544937820477	>human_xist
70	2721	2747	26	25.731063000521573	14.560697912802965	>human_xist
71	11394	11426	32	25.580596243179457	13.79475609721527	>human_xist
72	11781	11803	22	25.57276401950699	15.767672384688495	>human_xist
73	40	58	18	25.279267280151686	18.045663936655814	>human_xist
74	16876	16891	15	25.235561904834682	14.40475315501996	>human_xist
75	9238	9250	12	25.15953552810329	14.279510977061463	>human_xist
76	13458	13477	19	25.10575569271549	14.124025116485512	>human_xist
77	3614	3633	19	25.096531857707106	15.909594359718795	>human_xist
78	11497	11514	17	25.049353722290036	14.763560617204277	>human_xist
79	9989	10002	13	24.938743284467463	16.60828595934433	>human_xist
80	6018	6040	22	24.90926571902	16.75716633664223	>human_xist
81	17019	17031	12	24.26171621297712	14.576374609845423	>human_xist
82	2762	2788	26	24.14647679077612	16.952062554149848	>human_xist
83	9503	9517	14	23.67559034558191	16.03432806679541	>human_xist
84	18886	18900	14	23.470479178172823	15.504599801159316	>human_xist
85	8979	9003	24	23.458476801340623	14.251833943587968	>human_xist
86	5871	5883	12	23.39748184226761	16.344042443890288	>human_xist
87	1233	1247	14	22.966411085082285	14.757695028071268	>human_xist
88	18293	18306	13	22.784829900189976	14.745477401896949	>human_xist
89	14659	14671	12	22.085152190142153	14.751640766581303	>human_xist
90	9166	9177	11	22.05682122083919	14.043782229986427	>human_xist
91	10678	10692	14	21.970177390390518	14.658787283791412	>human_xist
92	5497	5509	12	21.140335771787356	16.543771308529912	>human_xist
93	6577	6616	39	20.58578027343009	16.488561906969096	>human_xist
94	18820	18832	12	19.976917142243465	13.447432788210904	>human_xist
95	3945	3958	13	19.442634417307517	13.621988271052103	>human_xist
96	16523	16538	15	19.2702053300239	13.300876311226602	>human_xist
97	10728	10740	12	19.24211661973039	15.149145876973392	>human_xist
98	9424	9448	24	19.168917168884633	24.16679200795096	>human_xist
99	9539	9556	17	18.62260305438768	14.239848015247247	>human_xist
100	4863	4883	20	18.52729142215651	14.326983018891525	>human_xist
101	2997	3019	22	17.672017071464552	13.575135033934089	>human_xist
102	18467	18478	11	16.992070464911457	13.277112900401079	>human_xist
103	15220	15242	22	16.34357510317372	17.21559617255167	>human_xist
104	9721	9731	10	14.96799795323789	15.02169545674787	>human_xist
105	1780	1795	15	14.216938383347355	15.286072539655436	>human_xist
106	19028	19051	23	13.36202283731052	15.594765640522269	>human_xist
107	1086	1111	25	11.892732080708782	15.773344006143361	>human_xist
108	845	870	25	11.720672085132634	14.369233315608028	>human_xist
109	5788	5803	15	11.539152508766719	14.335662853472627	>human_xist
110	16544	16557	13	7.647211355411628	13.934481632720079	>human_xist
111	963	981	18	6.153944468441949	13.585289380878748	>human_xist
112	3129	3150	21	0.22616466994873008	15.378902487415331	>human_xist
