	Start	End	Length	fwdLLR	kmerLLR	seqName
0	5368	10181	4813	2360.026467303167	340.97104937909535	>human_xist
1	3682	5058	1376	729.5150758642558	130.15328252167092	>human_xist
2	11971	12600	629	375.8018745041145	26.04479455152341	>human_xist
3	2650	3106	456	240.30688272210864	67.07337750772558	>human_xist
4	17496	17918	422	206.32649330755385	23.471736516392866	>human_xist
5	1835	2103	268	183.78810905982346	87.29662537543163	>human_xist
6	13287	13363	76	56.151309624965506	18.00492139488523	>human_xist
7	10820	10879	59	42.30363654966095	13.772912908585909	>human_xist
8	14401	14447	46	30.83780764815222	13.963148047667374	>human_xist
