	Start	End	Length	fwdLLR	kmerLLR	seqName
0	286	765	479	518.1904616943398	315.215451258312	>human_xist
1	12115	12445	330	260.54471669279746	78.31755405304534	>human_xist
2	11951	12075	124	114.69882322041985	40.42899628214559	>human_xist
3	1974	2086	112	66.52767545953793	39.98203099361422	>human_xist
4	9924	9970	46	49.73637896377727	26.26607693983172	>human_xist
5	2228	2284	56	46.52022899592731	23.772946390603067	>human_xist
6	9818	9862	44	43.82077415608035	21.773721762486616	>human_xist
7	1408	1456	48	38.74547362120188	21.67135146226235	>human_xist
8	17131	17157	26	31.170128778698512	21.347739894705967	>human_xist
