	Start	End	Length	fwdLLR	kmerLLR	seqName
0	2785	2949	164	264.5959849501936	219.79202419371563	>human_xist
1	1976	2086	110	225.04467935665372	197.24952635010703	>human_xist
2	6913	6981	68	84.82985355290958	62.54031462464445	>human_xist
3	7798	7823	25	49.82878484019794	43.31833741255902	>human_xist
4	7218	7267	49	48.97180444655402	29.34393350282346	>human_xist
5	9923	9953	30	42.62174056322314	30.3646992057958	>human_xist
6	6625	6652	27	38.03778903760282	30.276824035363703	>human_xist
7	7507	7534	27	38.03778903760282	30.276824035363703	>human_xist
8	9657	9673	16	28.221600698169652	27.593410393405335	>human_xist
